  54.12780  -34.88670
 -45.21390   15.25180
  65.61920   27.16170
  78.50070  -38.70700
 -62.30250   10.83580
  23.37180   35.52770
 -12.79640  -58.15300
 121.45800   23.54360
 -66.86850   18.99220
 -87.70400   12.58880
 131.80800   33.62220
 -76.35200  -14.10140
 -70.61560  -19.90510
 -86.33010   12.43420
-100.99400   17.32110
-100.93200   17.05790
 -82.24000    7.14510
  25.36980   40.27630
-107.49200   18.69380
  91.09210  -10.12290
 142.62800   24.38770
-175.51000  -14.98310
 152.80700   -6.23040
-140.33300   60.34910
  57.63820   11.74480
-136.96000   58.30620
 -45.58090   23.72400
 100.47000   23.38340
-108.33100   23.84410
-111.24400  -31.85200
  79.96020  -41.73170
 121.52100    8.63410
 -31.90160   52.64870
-173.22500  -15.16760
-178.60000  -15.88150
  86.01730   27.77110
  86.06550   27.80870
 102.21900   -2.54200
 163.69600  -11.05590
 163.21500  -11.10930
 -14.17080  -16.85500
-156.43000   56.59400
-173.01000  -15.67580
 -17.16050  -35.36390
 -58.54790   13.86720
  78.06230  -37.01520
